knn_minkowski_3: 0.9002898550724637
knn_minkowski_5: 0.8933333333333333
knn_minkowski_7: 0.8857971014492754
svm: 0.903768115942029
knn_euclidean_3: 0.9002898550724637
knn_euclidean_5: 0.8933333333333333
knn_euclidean_7: 0.8857971014492754
